Summary Stats
data split: [0.75 0.25], >2.5 ==> 1, sample:0.1
[[  1218.   1187.]
 [   879.  10809.]]
0.8574638466574998
>>>>>>>>>>>>>>>>>>>>>>>>>

Summary Stats
data split: [0.75 0.25], 5 pts, sample:0.1
[[  3.00000000e+00   3.00000000e+00   0.00000000e+00   1.00000000e+00
    2.00000000e+00   7.00000000e+00   0.00000000e+00]
 [  1.00000000e+00   6.69000000e+02   1.21000000e+02   7.80000000e+01
    9.70000000e+01   2.98000000e+02   0.00000000e+00]
 [  3.00000000e+00   1.13000000e+02   1.32000000e+02   4.00000000e+01
    5.40000000e+01   1.41000000e+02   0.00000000e+00]
 [  0.00000000e+00   1.11000000e+02   1.13000000e+02   2.25000000e+02
    1.33000000e+02   2.93000000e+02   0.00000000e+00]
 [  4.00000000e+00   1.26000000e+02   1.37000000e+02   2.20000000e+02
    7.03000000e+02   1.19700000e+03   0.00000000e+00]
 [  2.00000000e+01   3.44000000e+02   2.46000000e+02   3.70000000e+02
    1.03500000e+03   7.28100000e+03   0.00000000e+00]
 [  0.00000000e+00   0.00000000e+00   1.00000000e+00   1.00000000e+00
    0.00000000e+00   0.00000000e+00   0.00000000e+00]]
0.6273503954277962
>>>>>>>>>>>>>>>>>>>>>>>>>>>

Summary Stats
data split: [0.75 0.25], >0.5==>1, sample:0.1
[[  1.10000000e+01   2.10000000e+01]
 [  3.60000000e+01   1.41610000e+04]]
0.9956148479549286
>>>>>>>>>>>>>>>>>>>>>>>>>>>>

Summary Stats
data split: [0.8 0.2], >2.5==>1, sample:0.1
[[ 1022.  1031.]
 [  648.  8591.]]
0.8574491213470694
